252
(-78,-51)->(-91,-29)
(-91,-29)->(-94,-24)
(-94,-24)->(-95,-20)
(-95,-20)->(-94,-16)
(-94,-16)->(-91,-13)
(-91,-13)->(-74,-5)
(-74,-5)->(-60,-8)
(-60,-8)->(-31,7)
(-31,7)->(-42,30)
(-42,30)->(-71,15)
(-71,15)->(-78,-2)
(-78,-2)->(-79,-3)
(-79,-3)->(-78,-4)
(-78,-4)->(-79,-4)
(-79,-4)->(-73,-5)
(-67,-6)->(-65,18)
(-61,-8)->(-59,21)
(-58,-6)->(-55,22)
(-55,22)->(-55,23)
(-44,1)->(-43,29)
(-40,3)->(-39,21)
(-34,6)->(-34,13)
(-39,19)->(-38,23)
(-78,-51)->(-66,-72)
(-66,-72)->(-36,-56)
(-36,-56)->(-37,-57)
(-37,-57)->(-35,-65)
(-35,-65)->(-34,-69)
(-34,-69)->(-30,-74)
(-30,-74)->(-24,-77)
(-24,-77)->(-17,-78)
(-17,-78)->(-11,-78)
(-11,-78)->(-3,-77)
(-3,-77)->(0,-75)
(0,-75)->(8,-67)
(8,-67)->(9,-64)
(9,-64)->(10,-56)
(10,-56)->(10,-46)
(10,-46)->(6,-40)
(6,-40)->(3,-37)
(3,-37)->(-4,-34)
(-4,-34)->(-7,-33)
(-7,-33)->(-17,-35)
(-17,-35)->(-23,-37)
(-23,-37)->(-26,-40)
(-26,-40)->(-29,-42)
(-29,-42)->(-33,-48)
(-33,-48)->(-36,-54)
(-36,-54)->(-36,-56)
(-25,-71)->(-27,-70)
(-27,-70)->(-29,-68)
(-29,-68)->(-31,-64)
(-31,-64)->(-31,-60)
(-31,-60)->(-31,-56)
(-31,-56)->(-29,-54)
(-29,-54)->(-26,-55)
(-26,-55)->(-22,-59)
(-22,-59)->(-20,-65)
(-20,-65)->(-21,-68)
(-21,-68)->(-23,-71)
(-23,-71)->(-25,-71)
(-25,-71)->(-21,-66)
(-21,-66)->(-24,-59)
(-24,-59)->(-25,-57)
(-25,-57)->(-26,-57)
(-26,-57)->(-27,-56)
(-27,-56)->(-27,-61)
(-27,-61)->(-24,-65)
(-24,-65)->(-24,-65)
(-24,-65)->(-23,-67)
(-23,-67)->(-26,-68)
(-26,-68)->(-27,-62)
(-27,-62)->(-27,-60)
(-27,-60)->(-29,-58)
(-29,-58)->(-27,-61)
(-27,-61)->(-25,-64)
(-25,-64)->(-25,-65)
(-25,-65)->(-28,-58)
(-28,-58)->(-29,-58)
(-29,-58)->(-29,-58)
(-29,-58)->(-29,-62)
(-29,-62)->(-27,-69)
(-27,-69)->(-26,-70)
(-26,-70)->(-25,-69)
(-25,-69)->(-24,-69)
(-24,-69)->(-28,-63)
(-28,-63)->(-28,-56)
(-28,-56)->(-29,-56)
(-29,-56)->(-30,-65)
(-30,-65)->(-30,-56)
(-30,-56)->(-29,-54)
(-29,-54)->(-28,-54)
(-28,-54)->(-27,-54)
(-27,-54)->(-28,-53)
(-28,-53)->(-29,-54)
(-29,-54)->(-29,-55)
(-29,-55)->(-27,-56)
(-27,-56)->(-27,-56)
(-27,-56)->(-25,-60)
(-25,-60)->(-25,-63)
(-25,-63)->(-22,-65)
(-22,-65)->(-23,-63)
(-23,-63)->(-25,-59)
(-25,-59)->(-26,-60)
(-26,-60)->(-24,-63)
(-24,-63)->(-24,-62)
(-24,-62)->(-25,-63)
(-25,-63)->(-26,-66)
(-26,-66)->(-25,-68)
(-25,-68)->(-29,-66)
(-29,-66)->(-29,-66)
(-29,-66)->(-24,-67)
(-24,-67)->(-28,-67)
(-28,-67)->(-30,-62)
(-30,-62)->(-28,-61)
(-28,-61)->(-27,-64)
(-27,-64)->(-24,-68)
(-24,-68)->(-28,-68)
(-28,-68)->(-29,-66)
(-29,-66)->(-24,-70)
(-24,-70)->(-27,-69)
(-27,-69)->(-25,-72)
(-25,-72)->(-23,-71)
(-23,-71)->(-22,-70)
(-22,-70)->(-22,-66)
(-22,-66)->(-22,-64)
(-22,-64)->(-24,-60)
(-24,-60)->(-25,-59)
(-25,-59)->(-25,-60)
(-25,-60)->(-22,-66)
(-22,-66)->(-25,-65)
(-25,-65)->(-26,-64)
(-26,-64)->(-27,-59)
(-27,-59)->(-27,-65)
(-27,-65)->(-25,-58)
(-25,-58)->(-24,-66)
(-24,-66)->(-26,-62)
(-26,-62)->(-24,-63)
(-24,-63)->(-26,-66)
(-26,-66)->(-26,-66)
(-26,-66)->(-28,-55)
(-28,-55)->(-29,-55)
(-29,-55)->(-28,-56)
(-28,-56)->(-27,-56)
(-27,-56)->(-25,-57)
(-25,-57)->(-25,-58)
(-25,-58)->(-23,-61)
(-23,-61)->(-23,-61)
(-23,-61)->(-22,-63)
(-22,-63)->(-21,-65)
(-21,-65)->(-21,-63)
(-21,-63)->(-23,-60)
(-23,-60)->(-23,-57)
(-23,-57)->(-26,-56)
(-26,-56)->(-25,-55)
(-25,-55)->(-24,-58)
(-24,-58)->(-23,-58)
(-23,-58)->(-23,-71)
(11,-45)->(18,-40)
(18,-40)->(18,-36)
(18,-36)->(19,-31)
(19,-31)->(5,-40)
(-1,-34)->(-17,-3)
(-30,7)->(-19,4)
(-19,4)->(25,28)
(25,28)->(27,37)
(27,37)->(17,58)
(17,57)->(6,59)
(7,45)->(6,71)
(6,71)->(6,78)
(6,78)->(-17,64)
(-17,64)->(-28,35)
(-28,35)->(-26,26)
(-26,26)->(7,45)
(-42,31)->(-36,41)
(-36,41)->(-23,47)
(-14,7)->(-24,27)
(-16,-4)->(-21,5)
(19,-31)->(-3,13)
(-2,-31)->(1,-34)
(1,-34)->(5,-34)
(5,-34)->(8,-33)
(8,-33)->(9,-30)
(9,-30)->(9,-25)
(9,-25)->(6,-22)
(6,-22)->(3,-22)
(3,-22)->(0,-24)
(0,-24)->(-2,-27)
(-2,-27)->(-2,-28)
(-2,-28)->(-3,-30)
(-3,32)->(6,28)
(6,28)->(10,26)
(10,26)->(13,27)
(13,27)->(13,29)
(13,29)->(13,31)
(13,31)->(3,36)
(3,36)->(1,37)
(1,37)->(-2,36)
(-2,36)->(-3,32)
(19,33)->(16,33)
(16,33)->(15,34)
(15,34)->(5,39)
(5,39)->(6,41)
(6,41)->(8,42)
(8,42)->(14,39)
(14,39)->(19,37)
(19,37)->(19,33)
(19,-31)->(24,-27)
(24,-27)->(3,16)
(22,-29)->(66,-43)
(66,-43)->(93,-30)
(93,-30)->(59,-7)
(59,-7)->(33,-28)
(33,-28)->(24,-27)
(33,-29)->(69,-42)
(60,-7)->(58,3)
(58,3)->(40,39)
(40,39)->(27,40)
(28,40)->(25,40)
(25,42)->(31,43)
(31,43)->(24,57)
(24,57)->(23,59)
(23,59)->(22,61)
(22,61)->(17,57)
(22,62)->(22,67)
(22,67)->(36,74)
(36,74)->(50,47)
(50,47)->(37,41)
(37,41)->(31,44)
(42,35)->(48,38)
(48,38)->(63,9)
(63,9)->(54,8)
(63,10)->(66,2)
(66,2)->(69,2)
(69,2)->(72,2)
(72,2)->(74,4)
(74,4)->(74,7)
(74,7)->(73,10)
(73,10)->(71,13)
(71,13)->(92,13)
(92,13)->(70,57)
(70,57)->(55,42)
(55,42)->(71,13)
(48,37)->(47,44)
(47,44)->(47,46)
(47,46)->(50,48)
(50,48)->(52,47)
(52,47)->(54,43)
(54,43)->(55,42)
(86,28)->(96,43)
(96,43)->(78,43)
(-72,-59)->(-72,-59)
