900
(562,115)->(556,114)
(556,114)->(548,114)
(548,114)->(538,116)
(538,116)->(528,122)
(528,122)->(523,127)
(523,127)->(516,134)
(516,134)->(511,141)
(511,141)->(506,149)
(506,149)->(504,156)
(504,156)->(501,164)
(501,164)->(502,169)
(502,169)->(502,171)
(502,171)->(442,147)
(442,147)->(434,146)
(434,146)->(421,148)
(421,148)->(410,154)
(410,154)->(399,162)
(399,162)->(399,163)
(545,116)->(556,114)
(556,114)->(568,116)
(568,116)->(578,120)
(578,120)->(587,125)
(587,125)->(595,134)
(595,134)->(601,144)
(601,144)->(604,152)
(604,152)->(606,163)
(606,163)->(607,171)
(607,171)->(596,169)
(596,169)->(582,169)
(582,169)->(567,170)
(567,170)->(552,179)
(552,179)->(543,186)
(543,186)->(535,196)
(535,196)->(528,206)
(528,206)->(524,219)
(524,219)->(523,233)
(523,233)->(524,248)
(524,248)->(531,263)
(531,263)->(540,276)
(540,276)->(555,288)
(555,288)->(562,292)
(562,292)->(578,294)
(578,294)->(595,293)
(595,293)->(617,284)
(617,284)->(633,266)
(633,266)->(641,252)
(641,252)->(644,232)
(644,232)->(641,214)
(641,214)->(633,198)
(633,198)->(616,179)
(616,179)->(606,172)
(556,191)->(549,195)
(549,195)->(543,201)
(543,201)->(539,210)
(539,210)->(535,217)
(535,217)->(534,228)
(534,228)->(534,236)
(534,236)->(536,241)
(536,241)->(540,243)
(540,243)->(544,244)
(544,244)->(551,242)
(551,242)->(556,237)
(556,237)->(559,231)
(559,231)->(562,222)
(562,222)->(565,211)
(565,211)->(565,202)
(565,202)->(562,194)
(562,194)->(557,191)
(529,138)->(525,139)
(525,139)->(520,144)
(520,144)->(515,149)
(515,149)->(511,156)
(511,156)->(509,161)
(509,161)->(509,168)
(509,168)->(509,173)
(509,173)->(509,174)
(526,139)->(533,141)
(533,141)->(537,147)
(537,147)->(536,155)
(536,155)->(534,163)
(534,163)->(530,172)
(530,172)->(525,178)
(525,178)->(523,180)
(645,238)->(652,235)
(652,235)->(664,232)
(664,232)->(676,232)
(676,232)->(685,232)
(685,232)->(691,228)
(691,228)->(696,228)
(696,228)->(695,236)
(695,236)->(702,246)
(702,246)->(701,249)
(701,249)->(692,249)
(692,249)->(688,256)
(688,256)->(677,250)
(677,250)->(661,251)
(661,251)->(653,256)
(653,256)->(652,258)
(652,258)->(642,250)
(633,269)->(643,282)
(643,282)->(650,285)
(650,285)->(662,279)
(662,279)->(661,272)
(661,272)->(660,265)
(660,265)->(655,258)
(655,258)->(654,256)
(652,289)->(652,306)
(652,306)->(660,306)
(660,306)->(666,309)
(666,309)->(669,315)
(669,315)->(671,322)
(671,322)->(671,335)
(671,335)->(668,344)
(668,344)->(664,353)
(664,353)->(656,362)
(656,362)->(653,365)
(653,365)->(681,380)
(681,380)->(686,385)
(686,385)->(690,393)
(690,393)->(695,400)
(695,400)->(680,420)
(398,162)->(399,177)
(399,177)->(399,194)
(399,194)->(397,211)
(397,211)->(395,223)
(395,223)->(391,236)
(391,236)->(386,250)
(386,250)->(379,265)
(379,265)->(371,280)
(371,280)->(361,295)
(361,295)->(356,307)
(356,307)->(359,310)
(359,310)->(352,322)
(352,322)->(354,343)
(354,343)->(347,345)
(347,345)->(335,351)
(335,351)->(326,359)
(326,359)->(319,370)
(318,372)->(316,378)
(316,378)->(315,387)
(315,387)->(316,393)
(316,393)->(319,403)
(319,403)->(325,412)
(325,412)->(326,415)
(338,419)->(350,422)
(350,422)->(362,424)
(362,424)->(376,420)
(376,420)->(387,412)
(387,412)->(394,399)
(394,399)->(397,386)
(397,386)->(394,369)
(394,369)->(389,361)
(387,365)->(387,355)
(387,355)->(387,338)
(387,338)->(388,330)
(378,366)->(378,351)
(378,351)->(378,333)
(378,333)->(379,327)
(379,327)->(379,321)
(379,321)->(386,316)
(386,316)->(392,316)
(392,316)->(398,323)
(398,323)->(400,324)
(400,324)->(400,327)
(398,175)->(403,169)
(403,169)->(411,163)
(411,163)->(418,159)
(418,159)->(426,159)
(426,159)->(433,163)
(433,163)->(438,172)
(438,172)->(442,181)
(442,181)->(445,192)
(445,192)->(446,208)
(446,208)->(444,225)
(444,225)->(441,243)
(441,243)->(438,257)
(438,257)->(432,274)
(432,274)->(422,297)
(422,297)->(414,312)
(414,312)->(404,324)
(404,324)->(396,330)
(396,330)->(390,333)
(379,327)->(372,321)
(376,325)->(370,322)
(370,322)->(366,328)
(366,328)->(364,330)
(364,330)->(364,345)
(364,345)->(362,345)
(362,345)->(365,344)
(365,344)->(371,348)
(371,348)->(376,351)
(362,311)->(370,314)
(370,314)->(381,317)
(357,315)->(351,312)
(351,312)->(355,306)
(398,164)->(398,140)
(398,140)->(394,129)
(394,129)->(388,118)
(388,118)->(376,111)
(376,111)->(361,108)
(361,108)->(345,112)
(345,112)->(330,119)
(330,119)->(316,130)
(316,130)->(304,145)
(304,145)->(294,160)
(294,160)->(282,184)
(282,184)->(271,210)
(271,210)->(261,246)
(261,246)->(253,280)
(253,280)->(252,294)
(252,294)->(255,309)
(255,309)->(262,321)
(262,321)->(270,330)
(270,330)->(282,336)
(282,336)->(298,342)
(298,342)->(312,341)
(312,341)->(325,336)
(325,336)->(340,322)
(340,322)->(357,307)
(353,140)->(337,145)
(337,145)->(323,155)
(323,155)->(313,166)
(313,166)->(308,173)
(308,173)->(302,192)
(302,192)->(297,205)
(297,205)->(290,226)
(290,226)->(284,247)
(284,247)->(280,264)
(280,264)->(278,280)
(278,280)->(281,295)
(281,295)->(290,304)
(290,304)->(301,309)
(301,309)->(320,301)
(320,301)->(331,294)
(331,294)->(351,265)
(351,265)->(356,245)
(356,245)->(364,231)
(364,231)->(364,217)
(364,217)->(369,202)
(369,202)->(372,173)
(372,173)->(365,148)
(365,148)->(356,142)
(356,142)->(346,141)
(346,141)->(333,149)
(333,149)->(322,158)
(322,158)->(313,170)
(313,170)->(305,184)
(204,136)->(209,143)
(209,143)->(213,154)
(213,154)->(216,166)
(216,166)->(218,178)
(218,178)->(217,189)
(217,189)->(213,202)
(213,202)->(208,212)
(208,212)->(200,226)
(200,226)->(190,237)
(190,237)->(174,248)
(174,248)->(150,256)
(150,256)->(135,258)
(135,258)->(114,255)
(114,255)->(88,244)
(88,244)->(76,230)
(76,230)->(66,215)
(66,215)->(58,192)
(58,192)->(55,170)
(55,170)->(60,152)
(60,152)->(68,136)
(68,136)->(79,121)
(79,121)->(93,109)
(93,109)->(109,101)
(109,101)->(132,96)
(132,96)->(147,97)
(147,97)->(157,99)
(157,99)->(179,88)
(179,88)->(174,82)
(174,82)->(179,79)
(179,79)->(194,79)
(194,79)->(200,61)
(200,61)->(212,74)
(212,74)->(225,67)
(225,67)->(227,68)
(227,68)->(224,84)
(224,84)->(239,93)
(239,93)->(237,96)
(237,96)->(219,97)
(219,97)->(226,113)
(226,113)->(224,113)
(224,113)->(207,107)
(207,107)->(200,119)
(200,119)->(188,104)
(188,104)->(180,108)
(180,108)->(175,109)
(175,109)->(182,111)
(182,111)->(199,126)
(199,126)->(205,135)
(205,135)->(209,143)
(178,435)->(163,434)
(163,434)->(159,432)
(159,432)->(151,431)
(151,431)->(144,433)
(144,433)->(142,434)
(142,434)->(138,433)
(138,433)->(129,450)
(129,450)->(139,452)
(139,452)->(131,488)
(131,488)->(153,480)
(153,480)->(157,470)
(157,470)->(171,472)
(171,472)->(173,476)
(173,476)->(177,479)
(177,479)->(181,484)
(181,484)->(186,488)
(186,488)->(195,494)
(195,494)->(204,494)
(204,494)->(216,493)
(216,493)->(223,490)
(223,490)->(231,483)
(231,483)->(237,475)
(237,475)->(240,467)
(240,467)->(240,459)
(240,459)->(240,448)
(240,448)->(236,440)
(236,440)->(225,432)
(225,432)->(223,429)
(212,424)->(207,424)
(207,424)->(193,425)
(193,425)->(185,431)
(185,431)->(177,437)
(177,437)->(172,447)
(172,447)->(170,453)
(170,453)->(170,459)
(170,459)->(172,468)
(172,468)->(174,475)
(201,447)->(221,447)
(221,447)->(223,450)
(223,450)->(222,455)
(222,455)->(221,459)
(221,459)->(218,463)
(218,463)->(214,464)
(214,464)->(210,464)
(210,464)->(205,463)
(205,463)->(201,457)
(201,457)->(199,454)
(199,454)->(199,447)
(180,438)->(192,447)
(192,447)->(190,453)
(190,453)->(187,456)
(187,456)->(185,457)
(185,457)->(177,457)
(177,457)->(171,457)
(209,428)->(215,424)
(215,424)->(217,422)
(217,422)->(214,420)
(214,420)->(224,419)
(224,419)->(226,412)
(226,412)->(232,414)
(232,414)->(238,412)
(238,412)->(237,419)
(237,419)->(242,422)
(242,422)->(235,423)
(235,423)->(239,430)
(239,430)->(234,429)
(234,429)->(228,430)
(228,430)->(226,431)
(237,444)->(240,433)
(240,433)->(246,433)
(246,433)->(250,431)
(250,431)->(265,435)
(265,435)->(264,437)
(264,437)->(276,442)
(276,442)->(280,445)
(280,445)->(280,451)
(280,451)->(278,457)
(278,457)->(274,464)
(274,464)->(271,467)
(271,467)->(280,479)
(280,479)->(259,493)
(259,493)->(251,473)
(251,473)->(247,480)
(247,480)->(237,477)
(265,435)->(249,478)
(259,450)->(263,451)
(263,451)->(258,454)
(162,433)->(155,470)
(160,453)->(170,453)
(158,456)->(170,456)
(139,454)->(142,435)
(629,272)->(629,294)
(629,294)->(626,300)
(626,300)->(628,304)
(628,304)->(630,310)
(630,310)->(627,316)
(627,316)->(619,322)
(619,322)->(609,321)
(609,321)->(605,315)
(605,315)->(605,307)
(605,307)->(608,300)
(608,300)->(614,296)
(614,296)->(619,296)
(619,296)->(627,301)
(589,295)->(588,302)
(588,302)->(587,310)
(587,310)->(580,318)
(119,157)->(192,142)
(192,142)->(190,157)
(190,157)->(185,169)
(185,169)->(179,183)
(179,183)->(172,193)
(172,193)->(164,197)
(164,197)->(154,200)
(154,200)->(145,200)
(145,200)->(131,196)
(131,196)->(123,190)
(123,190)->(117,180)
(117,180)->(121,157)
(103,106)->(102,152)
(102,152)->(92,159)
(92,159)->(84,164)
(84,164)->(75,165)
(75,165)->(68,160)
(68,160)->(65,145)
(65,145)->(65,144)
(102,116)->(92,121)
(92,121)->(87,127)
(87,127)->(85,130)
(85,130)->(83,140)
(83,140)->(85,146)
(85,146)->(90,152)
(90,152)->(94,151)
(94,151)->(102,147)
(131,154)->(130,161)
(130,161)->(133,169)
(133,169)->(137,173)
(137,173)->(145,176)
(145,176)->(159,172)
(159,172)->(169,163)
(169,163)->(172,155)
(172,155)->(173,148)
(173,148)->(173,147)
(142,153)->(139,156)
(139,156)->(138,160)
(138,160)->(141,163)
(141,163)->(147,163)
(147,163)->(151,158)
(151,158)->(151,155)
(151,155)->(149,152)
(91,128)->(89,128)
(89,128)->(87,129)
(87,129)->(86,135)
(86,135)->(88,136)
(88,136)->(92,138)
(92,138)->(96,134)
(96,134)->(97,130)
(97,130)->(94,128)
(94,128)->(90,128)
(502,172)->(540,189)
(471,295)->(459,300)
(459,300)->(449,308)
(449,308)->(441,318)
(441,318)->(435,331)
(435,331)->(431,348)
(431,348)->(430,358)
(430,358)->(430,365)
(430,365)->(432,374)
(432,374)->(438,385)
(438,385)->(448,394)
(448,394)->(453,395)
(453,395)->(476,400)
(476,400)->(504,329)
(504,329)->(504,323)
(504,323)->(501,315)
(501,315)->(494,306)
(494,306)->(471,297)
(479,400)->(503,405)
(495,306)->(547,326)
(547,325)->(537,332)
(537,332)->(525,343)
(525,343)->(516,353)
(516,353)->(508,368)
(508,368)->(505,383)
(505,383)->(504,398)
(504,398)->(504,407)
(504,407)->(507,416)
(549,325)->(575,318)
(575,318)->(593,319)
(593,319)->(606,323)
(606,323)->(613,328)
(613,328)->(635,351)
(635,351)->(640,360)
(640,360)->(640,363)
(640,363)->(679,377)
(679,377)->(684,383)
(658,369)->(665,383)
(665,383)->(666,388)
(666,388)->(662,401)
(662,401)->(659,411)
(597,362)->(588,363)
(588,363)->(581,367)
(581,367)->(568,374)
(568,374)->(557,386)
(557,386)->(551,396)
(551,396)->(544,407)
(544,407)->(541,414)
(541,414)->(541,416)
(306,182)->(311,170)
(311,170)->(316,164)
(316,164)->(326,153)
(326,153)->(333,146)
(333,146)->(346,141)
(576,369)->(610,415)
(553,393)->(584,427)
(622,321)->(621,333)
(621,333)->(619,335)
(652,307)->(649,321)
(649,321)->(644,335)
(644,335)->(640,343)
(640,343)->(634,350)
(609,363)->(588,384)
(627,383)->(603,405)
(600,362)->(603,362)
(603,362)->(607,363)
(607,363)->(610,364)
(610,364)->(611,363)
(611,363)->(616,367)
(616,367)->(622,370)
(622,370)->(626,374)
(626,374)->(628,379)
(628,379)->(628,386)
(628,386)->(630,397)
(630,397)->(627,407)
(627,407)->(622,415)
(586,397)->(575,401)
(575,401)->(572,407)
(572,407)->(574,414)
(574,414)->(577,420)
(577,420)->(587,420)
(587,420)->(593,417)
(593,417)->(597,413)
(597,413)->(598,406)
(598,406)->(595,400)
(595,400)->(590,397)
(590,397)->(586,397)
(472,299)->(484,322)
(484,322)->(504,327)
(504,327)->(533,337)
(483,319)->(469,326)
(469,326)->(461,338)
(461,338)->(455,349)
(455,349)->(448,367)
(448,367)->(448,379)
(448,379)->(449,390)
(449,390)->(449,393)
(388,352)->(430,365)
(77,188)->(92,186)
(92,186)->(107,186)
(107,186)->(113,191)
(113,191)->(118,195)
(118,195)->(119,200)
(119,200)->(115,202)
(115,202)->(76,188)
(208,449)->(210,449)
(210,449)->(210,450)
(210,450)->(208,450)
(187,443)->(184,442)
(184,442)->(183,444)
(183,444)->(185,445)
(185,445)->(184,444)
(184,444)->(182,445)
(182,445)->(183,446)
(183,446)->(185,444)
(550,197)->(548,203)
(548,203)->(549,208)
(549,208)->(552,217)
(552,217)->(555,223)
(555,223)->(558,227)
(519,145)->(520,153)
(520,153)->(523,158)
(523,158)->(530,163)
(530,163)->(533,164)
(560,201)->(557,201)
(557,201)->(556,204)
(556,204)->(556,208)
(556,208)->(559,212)
(559,212)->(562,210)
(562,210)->(562,206)
(562,206)->(561,202)
(533,147)->(529,147)
(529,147)->(527,150)
(527,150)->(530,156)
(530,156)->(534,153)
(534,153)->(535,150)
(584,106)->(593,112)
(593,112)->(599,118)
(599,118)->(605,126)
(605,126)->(609,135)
(609,135)->(611,146)
(611,146)->(610,155)
(610,155)->(614,150)
(614,150)->(616,143)
(616,143)->(618,135)
(618,135)->(616,126)
(616,126)->(611,116)
(611,116)->(605,109)
(605,109)->(598,107)
(598,107)->(589,106)
(589,106)->(585,106)
(619,169)->(627,173)
(629,173)->(641,181)
(641,181)->(648,189)
(648,189)->(655,197)
(655,197)->(657,207)
(657,207)->(659,212)
(659,212)->(663,204)
(663,204)->(661,189)
(661,189)->(656,176)
(656,176)->(645,169)
(645,169)->(628,169)
(628,169)->(620,169)
(249,433)->(240,450)
(282,437)->(279,445)
(281,440)->(282,435)
(282,435)->(325,435)
(325,435)->(321,456)
(321,456)->(279,456)
(289,458)->(285,488)
(285,488)->(307,487)
(307,487)->(309,458)
(158,454)->(168,454)
(157,455)->(168,455)
(325,434)->(321,447)
(321,448)->(327,450)
(327,450)->(315,476)
(315,476)->(334,478)
(334,478)->(350,435)
(350,435)->(347,430)
(347,430)->(349,422)
(349,422)->(340,422)
(340,422)->(336,419)
(336,419)->(333,415)
(333,415)->(331,410)
(331,410)->(326,409)
(326,409)->(325,412)
(325,412)->(326,415)
(326,415)->(329,420)
(329,420)->(333,424)
(333,424)->(335,425)
(335,425)->(334,431)
(334,431)->(333,433)
(333,433)->(326,431)
(326,431)->(322,442)
(351,437)->(359,440)
(359,440)->(359,440)
(359,440)->(363,443)
(363,443)->(364,448)
(364,448)->(364,455)
(364,455)->(362,462)
(362,462)->(354,466)
(354,466)->(345,466)
(345,466)->(339,466)
(335,476)->(344,491)
(344,491)->(363,478)
(363,478)->(355,466)
(355,466)->(339,467)
(344,451)->(346,451)
(346,451)->(344,454)
(344,454)->(344,451)
(344,451)->(345,451)
(409,432)->(392,436)
(392,436)->(389,433)
(389,433)->(369,438)
(369,438)->(369,440)
(369,440)->(364,443)
(364,456)->(368,459)
(368,459)->(367,467)
(367,467)->(365,470)
(365,470)->(365,480)
(365,480)->(368,485)
(368,485)->(381,485)
(381,485)->(382,485)
(382,485)->(384,483)
(384,483)->(403,486)
(403,486)->(407,469)
(407,469)->(384,467)
(389,434)->(383,484)
(370,441)->(368,467)
(408,432)->(413,444)
(411,444)->(411,451)
(411,451)->(387,452)
(387,452)->(387,454)
(387,454)->(404,452)
(404,452)->(404,468)
(404,468)->(383,468)
(365,148)->(369,159)
(369,159)->(371,167)
(371,167)->(373,173)
(373,173)->(373,179)
(373,179)->(371,185)
(371,185)->(371,188)
(372,178)->(371,180)
(371,180)->(371,184)
(371,184)->(372,186)
(372,186)->(371,195)
(371,195)->(370,200)
(370,200)->(368,209)
(368,209)->(367,213)
(367,213)->(365,224)
(365,224)->(364,226)
(364,226)->(362,232)
(362,232)->(359,240)
(359,240)->(357,246)
(357,246)->(355,249)
(355,249)->(353,259)
(353,259)->(351,265)
(374,179)->(372,186)
(372,186)->(371,195)
(371,195)->(365,222)
(365,222)->(364,228)
(364,228)->(360,235)
(360,236)->(365,218)
(365,218)->(367,210)
(362,235)->(357,249)
(357,249)->(354,256)
(354,256)->(353,262)
(353,263)->(347,271)
(450,441)->(441,455)
(441,455)->(437,453)
(437,453)->(427,450)
(427,450)->(429,452)
(429,452)->(430,456)
(430,456)->(433,457)
(433,457)->(440,459)
(440,459)->(444,463)
(444,463)->(447,467)
(447,467)->(447,468)
(447,468)->(447,477)
(447,477)->(441,484)
(441,484)->(433,488)
(433,488)->(418,488)
(418,488)->(409,487)
(409,487)->(409,469)
(409,469)->(429,470)
(429,470)->(423,468)
(423,468)->(417,466)
(417,466)->(413,461)
(413,461)->(411,453)
(411,453)->(412,445)
(412,445)->(417,440)
(417,440)->(425,435)
(425,435)->(430,435)
(430,435)->(439,436)
(439,436)->(448,439)
(448,439)->(448,439)
(448,439)->(450,441)
(491,440)->(481,453)
(481,453)->(471,451)
(471,451)->(469,453)
(469,453)->(470,457)
(470,457)->(479,459)
(479,459)->(486,465)
(486,465)->(487,474)
(487,474)->(483,480)
(483,480)->(476,486)
(476,486)->(465,486)
(465,486)->(448,487)
(448,487)->(448,469)
(448,469)->(467,470)
(467,470)->(459,468)
(459,468)->(451,461)
(451,461)->(451,450)
(451,450)->(454,440)
(454,440)->(465,436)
(465,436)->(476,435)
(476,435)->(485,438)
(485,438)->(489,440)
(489,440)->(481,454)
(481,454)->(475,451)
(475,451)->(469,451)
(469,451)->(467,456)
(467,456)->(476,458)
(476,458)->(482,461)
(482,461)->(487,466)
(489,416)->(544,416)
(544,416)->(546,435)
(546,435)->(491,436)
(491,436)->(490,418)
(490,418)->(489,417)
(512,435)->(519,476)
(519,476)->(498,475)
(498,475)->(497,436)
(500,475)->(489,475)
(489,475)->(491,492)
(491,492)->(547,492)
(547,492)->(550,477)
(550,477)->(547,476)
(547,476)->(547,474)
(547,474)->(491,475)
(521,475)->(523,435)
(540,435)->(539,475)
(565,432)->(547,475)
(549,478)->(565,480)
(565,480)->(580,436)
(580,436)->(565,432)
(563,435)->(559,434)
(559,434)->(552,448)
(552,448)->(556,450)
(556,450)->(557,451)
(582,438)->(594,445)
(594,445)->(596,451)
(596,451)->(595,459)
(595,459)->(587,468)
(587,468)->(574,469)
(574,469)->(569,469)
(568,476)->(574,494)
(574,494)->(594,480)
(594,480)->(587,468)
(576,450)->(579,454)
(579,454)->(579,455)
(579,455)->(574,455)
(596,444)->(599,443)
(599,443)->(599,440)
(599,440)->(618,434)
(618,434)->(618,437)
(618,437)->(638,434)
(638,434)->(639,451)
(639,451)->(617,454)
(617,454)->(617,455)
(617,455)->(636,455)
(636,455)->(636,467)
(636,467)->(615,469)
(615,469)->(637,471)
(637,471)->(635,488)
(635,488)->(612,483)
(612,483)->(614,487)
(614,487)->(599,487)
(599,487)->(601,441)
(595,446)->(596,459)
(596,459)->(601,463)
(601,463)->(601,469)
(601,469)->(597,470)
(597,470)->(596,484)
(596,484)->(600,483)
(619,437)->(610,485)
(640,442)->(641,442)
(641,442)->(641,440)
(641,440)->(663,433)
(663,433)->(663,437)
(663,437)->(668,439)
(668,439)->(675,443)
(675,443)->(681,450)
(681,450)->(684,459)
(684,459)->(683,468)
(683,468)->(676,475)
(676,475)->(665,482)
(665,482)->(655,483)
(655,483)->(661,437)
(655,485)->(643,485)
(643,485)->(643,442)
(659,452)->(665,456)
(665,456)->(665,461)
(665,461)->(661,466)
(661,466)->(658,467)
(643,480)->(641,480)
(641,480)->(640,471)
(640,471)->(643,469)
(643,451)->(640,451)
(632,409)->(626,422)
(626,422)->(616,417)
(616,417)->(608,417)
(608,417)->(600,422)
(600,422)->(594,413)
(594,413)->(600,428)
(600,428)->(593,430)
(593,430)->(581,428)
(581,428)->(575,433)
(555,436)->(550,439)
(550,439)->(545,449)
(545,449)->(545,457)
(545,457)->(545,468)
(545,468)->(548,470)
(631,411)->(635,420)
(635,420)->(643,420)
(643,420)->(656,397)
(656,397)->(655,413)
(655,413)->(670,415)
(670,415)->(676,408)
(676,408)->(677,413)
(677,413)->(687,400)
(687,400)->(676,423)
(676,423)->(681,427)
(681,427)->(697,419)
(697,419)->(688,433)
(688,433)->(700,429)
(700,429)->(688,440)
(688,440)->(692,448)
(692,448)->(704,451)
(704,451)->(689,454)
(689,454)->(692,462)
(692,462)->(692,471)
(692,471)->(684,471)
(684,471)->(683,470)
