331
(-37,-24)->(-37,-19)
(-37,-19)->(-37,-16)
(-37,-16)->(-36,-16)
(-36,-16)->(-35,-14)
(-35,-14)->(-33,-12)
(-33,-12)->(-31,-10)
(-31,-10)->(-29,-8)
(-29,-8)->(-29,-7)
(-29,-7)->(-29,-5)
(-29,-5)->(-26,-6)
(-26,-6)->(-24,-6)
(-24,-6)->(-23,-6)
(-23,-6)->(-21,-6)
(-21,-6)->(-19,-8)
(-19,-8)->(-16,-9)
(-16,-9)->(-14,-10)
(-14,-10)->(-8,-12)
(-8,-12)->(-7,-13)
(-7,-13)->(-5,-11)
(-5,-11)->(-3,-11)
(-3,-11)->(-2,-9)
(-2,-9)->(-1,-8)
(-1,-8)->(2,-6)
(2,-6)->(2,-5)
(2,-5)->(4,-3)
(4,-3)->(4,-1)
(4,-1)->(5,0)
(5,0)->(4,1)
(4,1)->(5,2)
(5,2)->(2,3)
(2,3)->(0,3)
(0,3)->(-2,3)
(-2,3)->(-5,2)
(-5,2)->(-17,0)
(-17,0)->(-21,-2)
(-21,-2)->(-24,-4)
(-24,-4)->(-25,-5)
(-25,-5)->(-25,-6)
(-8,-5)->(3,-2)
(3,-2)->(4,-2)
(-20,-1)->(-7,9)
(-7,9)->(-4,10)
(-4,10)->(-1,9)
(-1,9)->(0,8)
(0,8)->(1,7)
(1,7)->(18,16)
(18,16)->(18,16)
(18,16)->(15,25)
(15,25)->(10,25)
(10,25)->(7,29)
(7,29)->(0,29)
(0,29)->(-15,21)
(-15,21)->(-17,21)
(-17,21)->(-7,10)
(-7,10)->(-5,9)
(-8,11)->(-19,4)
(-19,4)->(-23,2)
(-23,2)->(-30,3)
(-30,3)->(-33,7)
(-33,7)->(-37,3)
(-37,3)->(-39,2)
(-39,2)->(-43,1)
(-43,1)->(-47,1)
(-47,1)->(-51,3)
(-51,3)->(-53,4)
(-53,4)->(-54,5)
(-54,5)->(-55,6)
(-55,6)->(-57,8)
(-57,8)->(-58,10)
(-58,10)->(-58,11)
(-58,11)->(-59,12)
(-59,12)->(-59,14)
(-59,14)->(-59,16)
(-59,16)->(-58,18)
(-58,18)->(-58,20)
(-58,20)->(-56,21)
(-56,21)->(-55,25)
(-55,25)->(-52,27)
(-52,27)->(-49,28)
(-49,28)->(-46,29)
(-46,29)->(-45,30)
(-45,30)->(-44,30)
(-44,30)->(-42,30)
(-42,30)->(-41,30)
(-41,30)->(-38,29)
(-38,29)->(-37,25)
(-37,25)->(-31,24)
(-31,24)->(-25,26)
(-25,26)->(-19,27)
(-19,27)->(-10,28)
(-10,28)->(-1,29)
(-1,29)->(7,30)
(7,30)->(18,28)
(18,28)->(25,28)
(25,28)->(29,28)
(-38,30)->(-45,32)
(-45,32)->(-48,36)
(-48,36)->(-49,37)
(-49,37)->(-52,42)
(-52,42)->(-51,53)
(-51,53)->(-32,53)
(-32,53)->(-26,46)
(-26,46)->(28,46)
(28,46)->(34,52)
(34,52)->(35,53)
(35,53)->(54,53)
(54,53)->(54,43)
(54,43)->(29,29)
(29,29)->(28,28)
(-32,8)->(-31,11)
(-31,11)->(-29,14)
(-29,14)->(-29,17)
(-29,17)->(-29,19)
(-29,19)->(-30,22)
(-30,22)->(-32,23)
(-32,23)->(-32,24)
(-56,20)->(-33,7)
(-52,19)->(-51,22)
(-51,22)->(-52,23)
(-52,23)->(-53,25)
(-53,25)->(-54,22)
(-54,22)->(-54,22)
(-54,22)->(-54,21)
(-54,21)->(-54,20)
(-54,20)->(-54,21)
(-54,21)->(-54,23)
(-54,23)->(-53,22)
(-53,22)->(-53,21)
(-53,21)->(-53,21)
(-53,21)->(-52,20)
(-52,20)->(-53,22)
(-53,22)->(-53,22)
(-53,22)->(-54,22)
(-54,22)->(-55,21)
(-55,21)->(-55,22)
(-55,22)->(-55,20)
(-55,20)->(-52,19)
(-52,19)->(-53,21)
(-53,21)->(-52,22)
(-52,22)->(-51,23)
(-51,23)->(-51,20)
(-51,20)->(-51,21)
(-51,21)->(-52,22)
(-52,22)->(-52,22)
(-52,22)->(-53,21)
(-53,21)->(-53,22)
(-53,22)->(-53,21)
(-53,21)->(-53,25)
(-53,25)->(-54,24)
(-54,24)->(-54,26)
(-54,26)->(-55,23)
(-55,23)->(-52,25)
(-52,25)->(-51,25)
(-51,25)->(-52,22)
(-59,15)->(-82,33)
(-82,33)->(-72,38)
(-72,38)->(-51,40)
(-67,39)->(-51,53)
(-51,53)->(-49,53)
(-49,53)->(-47,57)
(-47,57)->(-45,61)
(-45,61)->(-42,65)
(-42,65)->(-40,67)
(-40,67)->(-36,68)
(-36,68)->(-32,68)
(-32,68)->(-22,68)
(-22,68)->(-9,68)
(-9,68)->(32,68)
(32,68)->(37,67)
(37,67)->(43,65)
(43,65)->(48,64)
(48,64)->(52,63)
(52,63)->(53,57)
(53,57)->(53,54)
(53,54)->(53,52)
(-42,53)->(-39,57)
(-39,57)->(-38,61)
(-38,61)->(-34,62)
(-34,62)->(-30,62)
(-30,62)->(-22,62)
(-22,62)->(-13,62)
(-13,62)->(-3,62)
(-3,62)->(6,62)
(6,62)->(14,62)
(14,62)->(21,62)
(21,62)->(29,62)
(29,62)->(35,62)
(35,62)->(37,62)
(37,62)->(42,61)
(42,61)->(45,60)
(45,60)->(48,59)
(48,59)->(48,55)
(48,55)->(48,53)
(-34,54)->(-33,57)
(-33,57)->(-29,57)
(-29,57)->(-22,54)
(-22,54)->(-14,50)
(-14,50)->(-13,47)
(-13,47)->(-12,46)
(43,54)->(40,57)
(40,57)->(38,58)
(38,58)->(33,58)
(33,58)->(29,58)
(29,58)->(24,56)
(24,56)->(21,52)
(21,52)->(21,50)
(21,50)->(21,48)
(21,48)->(21,46)
(-13,28)->(-13,42)
(19,29)->(19,40)
(19,40)->(19,43)
(-51,50)->(-33,50)
(-33,50)->(-27,44)
(-27,44)->(-25,42)
(-25,42)->(-24,41)
(-24,41)->(-13,41)
(-13,41)->(19,41)
(19,41)->(28,41)
(28,41)->(33,46)
(33,46)->(37,50)
(37,50)->(38,50)
(38,50)->(44,50)
(44,50)->(51,50)
(51,50)->(54,50)
(36,32)->(72,32)
(72,32)->(82,32)
(82,32)->(57,-12)
(57,-12)->(35,32)
(43,32)->(62,-5)
(16,24)->(26,26)
(24,28)->(28,24)
(28,24)->(30,23)
(30,23)->(39,23)
(-37,-24)->(-39,-31)
(-39,-31)->(-43,-43)
(-43,-43)->(-42,-45)
(-42,-45)->(-37,-48)
(-37,-48)->(-23,-52)
(-23,-52)->(-20,-52)
(-20,-52)->(-17,-58)
(-17,-58)->(-9,-65)
(-9,-65)->(-5,-66)
(-5,-66)->(2,-68)
(2,-68)->(7,-67)
(7,-67)->(14,-62)
(14,-62)->(16,-58)
(16,-58)->(19,-53)
(19,-53)->(19,-49)
(19,-49)->(19,-42)
(19,-42)->(18,-40)
(18,-40)->(17,-38)
(17,-38)->(13,-34)
(13,-34)->(8,-30)
(8,-30)->(3,-30)
(3,-30)->(-2,-30)
(-2,-30)->(-8,-33)
(-8,-33)->(-11,-36)
(-11,-36)->(-15,-40)
(-15,-40)->(-18,-46)
(-18,-46)->(-20,-49)
(-20,-49)->(-20,-50)
(-20,-50)->(-20,-51)
(-20,-51)->(-20,-52)
(-18,-47)->(11,-65)
(-14,-49)->(-13,-43)
(-13,-43)->(-15,-42)
(-15,-42)->(-16,-42)
(-16,-42)->(-15,-42)
(-15,-42)->(-15,-45)
(-15,-45)->(-15,-45)
(-15,-45)->(-15,-47)
(-15,-47)->(-16,-47)
(-16,-47)->(-18,-47)
(-18,-47)->(-15,-48)
(-15,-48)->(-14,-49)
(-14,-49)->(-15,-43)
(-15,-43)->(-13,-43)
(-13,-43)->(-14,-46)
(-14,-46)->(-14,-43)
(-14,-43)->(-16,-44)
(-16,-44)->(-17,-43)
(-17,-43)->(-15,-42)
(-15,-42)->(-15,-46)
(-15,-46)->(-16,-46)
(-16,-46)->(-16,-45)
(-16,-45)->(-16,-45)
(-16,-45)->(-16,-45)
(-16,-45)->(-16,-44)
(-16,-44)->(-17,-45)
(-17,-45)->(-16,-46)
(-16,-46)->(-16,-46)
(-16,-46)->(-16,-46)
(-16,-46)->(-17,-46)
(18,-40)->(37,-27)
(37,-27)->(32,-55)
(32,-55)->(31,-58)
(31,-58)->(53,-41)
(53,-41)->(54,-18)
(54,-18)->(54,-15)
(54,-15)->(37,-27)
(37,-27)->(34,-17)
(34,-17)->(32,-12)
(32,-12)->(29,-6)
(29,-6)->(27,-2)
(27,-2)->(17,15)
(9,-29)->(9,-17)
(9,-17)->(9,-16)
(9,-16)->(9,-13)
(9,-13)->(28,-4)
(52,-2)->(50,-3)
(50,-3)->(49,-2)
(49,-2)->(54,-15)
(49,-2)->(37,23)
(26,0)->(43,11)
(-3,11)->(-9,19)
(-9,19)->(-9,20)
(-9,20)->(-6,22)
(-6,22)->(-7,25)
(64,0)->(61,8)
(61,8)->(60,11)
(60,11)->(63,13)
(63,13)->(64,14)
(64,14)->(77,22)
(47,32)->(50,27)
(50,27)->(51,25)
(51,25)->(52,24)
(52,24)->(60,24)
(60,24)->(67,26)
(67,26)->(72,28)
(72,28)->(75,30)
(75,30)->(77,32)
