221
(7,481)->(188,481)
(188,481)->(195,476)
(195,476)->(202,472)
(202,472)->(207,469)
(207,469)->(373,469)
(373,469)->(378,471)
(378,471)->(384,462)
(384,462)->(695,462)
(695,462)->(696,459)
(696,459)->(700,455)
(700,455)->(702,454)
(702,454)->(723,454)
(723,454)->(724,452)
(724,452)->(725,450)
(725,450)->(726,449)
(726,449)->(732,449)
(732,449)->(732,455)
(732,455)->(732,457)
(732,457)->(729,460)
(729,460)->(707,460)
(707,460)->(706,463)
(706,463)->(780,463)
(780,463)->(780,462)
(780,462)->(782,466)
(782,466)->(782,478)
(782,478)->(780,483)
(780,483)->(776,483)
(776,483)->(768,483)
(768,483)->(768,464)
(757,452)->(766,452)
(766,452)->(768,455)
(768,455)->(782,455)
(782,455)->(784,455)
(784,455)->(786,455)
(786,455)->(792,463)
(792,463)->(792,481)
(792,481)->(782,493)
(782,493)->(708,493)
(708,493)->(701,488)
(701,488)->(701,483)
(701,483)->(705,479)
(705,479)->(708,479)
(708,479)->(708,485)
(708,485)->(710,488)
(710,488)->(775,488)
(775,488)->(777,489)
(777,489)->(782,482)
(756,452)->(755,457)
(755,457)->(761,461)
(763,462)->(763,462)
(764,462)->(759,460)
(726,463)->(726,482)
(726,482)->(708,482)
(708,482)->(708,464)
(695,462)->(695,496)
(695,496)->(781,496)
(781,496)->(788,496)
(788,496)->(788,559)
(788,559)->(699,559)
(699,559)->(697,560)
(697,560)->(696,559)
(696,559)->(696,560)
(696,560)->(696,496)
(730,466)->(730,483)
(730,483)->(764,483)
(764,483)->(764,466)
(764,466)->(765,466)
(765,466)->(730,466)
(768,468)->(768,463)
(708,468)->(708,463)
(700,500)->(700,552)
(700,552)->(700,554)
(700,554)->(701,556)
(701,556)->(784,556)
(784,556)->(785,556)
(785,556)->(785,499)
(785,499)->(701,499)
(701,499)->(701,501)
(793,474)->(798,474)
(793,467)->(799,467)
(792,463)->(799,463)
(738,468)->(738,479)
(738,479)->(738,481)
(738,481)->(758,474)
(758,474)->(738,469)
(697,560)->(697,573)
(697,573)->(747,573)
(747,573)->(747,559)
(788,559)->(788,579)
(788,579)->(788,579)
(788,579)->(787,580)
(747,573)->(747,580)
(750,562)->(750,576)
(750,576)->(750,576)
(750,576)->(750,577)
(750,577)->(784,577)
(784,577)->(785,577)
(785,577)->(785,562)
(785,562)->(785,561)
(785,561)->(750,561)
(0,565)->(33,565)
(33,565)->(39,574)
(39,574)->(41,576)
(41,576)->(149,576)
(149,576)->(155,569)
(155,569)->(697,569)
(1,481)->(11,481)
(5,565)->(5,537)
(5,537)->(12,535)
(12,535)->(15,534)
(15,534)->(19,534)
(19,534)->(25,534)
(25,534)->(30,535)
(30,535)->(33,537)
(33,537)->(33,565)
(50,576)->(50,557)
(50,557)->(150,557)
(150,557)->(150,577)
(156,568)->(156,544)
(156,544)->(156,536)
(156,536)->(164,533)
(164,533)->(183,533)
(183,533)->(189,536)
(189,536)->(190,538)
(190,538)->(190,567)
(190,567)->(190,570)
(190,501)->(190,568)
(190,501)->(193,496)
(193,496)->(687,496)
(687,496)->(687,563)
(687,563)->(687,570)
(196,501)->(195,507)
(195,507)->(195,561)
(195,561)->(197,565)
(197,565)->(201,565)
(201,565)->(202,561)
(202,561)->(202,510)
(202,510)->(202,507)
(202,507)->(202,507)
(202,507)->(202,507)
(202,507)->(202,503)
(202,503)->(201,502)
(201,502)->(200,501)
(200,501)->(197,501)
(197,501)->(197,503)
(216,470)->(216,493)
(216,493)->(194,493)
(194,493)->(189,493)
(189,493)->(189,493)
(189,493)->(189,494)
(189,494)->(190,502)
(216,493)->(349,493)
(348,494)->(348,470)
(348,470)->(348,470)
(348,470)->(348,469)
(750,573)->(782,562)
(754,577)->(785,565)
(220,473)->(342,473)
(342,473)->(344,474)
(220,474)->(220,490)
(220,490)->(220,490)
(220,490)->(220,491)
(220,491)->(342,491)
(342,491)->(343,491)
(343,491)->(343,475)
(343,475)->(344,474)
(344,474)->(344,474)
(212,471)->(212,472)
(212,474)->(212,475)
(212,477)->(212,479)
(212,481)->(212,483)
(212,485)->(212,486)
(212,488)->(212,489)
(212,491)->(212,490)
(343,478)->(343,472)
(352,472)->(353,474)
(352,476)->(353,478)
(352,479)->(352,482)
(352,484)->(352,485)
(352,487)->(352,489)
(352,490)->(352,491)
(204,497)->(206,500)
(206,500)->(206,568)
(378,472)->(395,489)
(395,489)->(397,490)
(397,490)->(408,490)
(408,490)->(412,493)
(412,493)->(552,493)
(552,493)->(552,473)
(552,473)->(411,473)
(411,473)->(411,492)
(415,476)->(415,491)
(415,491)->(548,491)
(548,491)->(549,491)
(549,491)->(549,476)
(549,476)->(415,476)
(248,474)->(248,491)
(253,473)->(253,490)
(253,490)->(253,490)
(253,490)->(253,490)
(253,490)->(253,490)
(253,490)->(252,491)
(280,474)->(280,491)
(285,474)->(285,491)
(310,473)->(310,490)
(310,490)->(310,491)
(317,475)->(317,490)
(317,490)->(318,492)
(318,476)->(316,473)
(553,473)->(554,471)
(554,471)->(573,471)
(573,471)->(573,494)
(573,494)->(553,494)
(553,494)->(551,493)
(575,466)->(575,493)
(575,493)->(575,494)
(575,494)->(576,495)
(576,495)->(688,495)
(688,495)->(688,469)
(688,469)->(688,467)
(688,467)->(575,467)